use minecraft:oak_planks
// center front:
0 0 1
0 0 2
0 0 3
0 0 4
0 1 5
0 1 6
0 2 7
0 3 8
//bow
0 4 9
0 4 10
0 5 11
0 5 12
// deck
0 2 1
0 2 2
0 2 3
0 2 4
0 2 5
0 3 6
0 3 7
// center back:
0 0 -1
0 0 -2
0 0 -3
0 1 -4
0 2 -5
0 3 -5
// deck
0 2 0
0 2 -1
0 2 -2
0 2 -3
0 2 -4

mirror x
// one out:
// back
1 0 0
1 0 -1
1 0 -2
1 1 -3
1 2 -4
1 3 -4
//deck
1 2 0
1 2 -1
1 2 -2
1 2 -3
// front
1 0 1
1 0 2
1 0 3
1 1 4
1 2 5
1 2 6
1 3 7
// deck
1 2 1
1 2 2
1 2 3
1 2 4
1 3 5
1 3 6

// two out:
// back
2 1 0
2 2 0
2 1 -1
2 2 -1
2 1 -2
2 2 -2
2 2 -3
2 3 -3
// front
2 1 1
2 2 1
2 1 2
2 2 2
2 1 3
2 2 3
2 2 4
2 3 4
2 3 5
2 3 6


// Mast:
0 3 1
0 4 1
0 5 1
0 6 1
0 7 1
0 8 1
0 9 1
0 10 1
0 11 1
0 12 1
0 13 1
0 14 1
0 15 1

0 9 2
1 9 2
2 9 2
3 9 2

0 14 2
1 14 2
2 14 2
